1005320
1015837
1041096
1048130
10506
1054968
1079128
1079750
1088231
1088247
1095712
1106764
1112143
1116520
1138034
1141009
1149939
1155356
1157714
1167952
1177488
1184583
1185486
1189629
1190726
1197282
1199760
1202727
1204788
1217784
1219820
1240201
1296492
1321259
1348249
1375503
1388803
1396797
1397667
1405426
1415690
1443035
1452145
1461341
1467673
1477536
1483836
1490065
1495402
1501967
1525454
1542320
1543515
1550846
1570839
1578370
1590584
1613713
1643332
1653812
1662676
1676338
1684003
1693471
1730476
1732587
1750670
1768694
1787169
1794239
1794805
1802869
1812845
1817547
1826475
1842606
1847949
1855880
1864877
1874741
1887737
1906569
1929723
1937187
1951916
1958864
1973042
1994768
2007526
2015095
2024959
2039441
2048151
2058852
205989
2067029
2075675
2091604
2099096
2106799
2115321
21369
2162276
216819
2193000
2194170
2207905
2220891
2228255
2237739
224906
22515
2287540
2318413
2323195
2329032
2330364
2341519
2349759
2354052
2363578
2371575
2373807
2381505
2389546
2396571
2400932
2408991
2411063
2417480
2420493
2424383
2427057
2434226
2443489
2448117
2450270
2455914
2459313
2463912
2466415
2470010
2472701
2478707
2480873
2485409
2492003
2492873
250031
2501056
2511896
2522503
2531923
2542719
2553482
2563679
2582616
2590242
2606542
264503
2647719
2658615
2665702
2681346
268145
2688543
26921
2698435
2705538
2713822
2721269
2729263
2736861
2743392
2751256
2755183
2759520
2787007
2795271
2804544
2815702
2829226
2835695
2845292
2856022
2876449
2887317
2897475
2904007
2929894
2933930
2939924
2954611
3005735
301135
3023768
3040791
3042428
3051764
30615
3062784
3067203
3077912
3091478
3099139
3104445
3120251
3126616
313854
3236116
3263023
3276456
3311274
3319471
332404
3343132
3352060
3387354
3399512
3412813
3413592
3424134
3425787
3435767
3442915
3446979
34579
3458026
3460031
3473818
3491812
3500476
3511981
3525910
3537330
3548803
3615804
3627410
3636231
3709707
3770297
378066
3787786
3792080
3799021
3799915
3812208
3825058
3834037
386197
3867152
3867732
3888183
3925037
3950466
4087156
4093220
4101218
4108854
4119079
4127161
4139821
4155793
4162204
4162616
4168003
4169234
4177290
4186895
4194518
4198957
4214378
4225441
4234271
4243068
4250833
4258264
4258384
4265061
4281989
4283626
4291386
4292889
4301783
4309414
4320677
4328008
4349478
4356868
4367628
4374196
4407557
4416783
4430329
4434940
4452904
4453866
4464497
4475927
4489443
4499440
4500585
4507116
4509970
4516168
4537677
4544492
4549470
4561232
456173
4568000
4571162
4578669
4586357
4592743
4601673
4602686
4609616
4615269
4619747
4621667
4629676
4635245
4638707
4648771
4657134
4666532
4670251
4682726
4691559
4698231
4706250
4706962
4717284
4719847
4727578
4737411
4739108
4750207
4755836
4764566
4775096
4776732
4786329
4793067
4795954
4801564
481219
4814271
4820881
4827277
4841018
4855770
4873234
4882249
4895691
4912316
4913154
4920316
495338
4967832
4979866
5039009
504389
5088031
5101980
5110139
513188
5304494
532749
540669
5515626
5557441
5586003
5595800
564579
588700
608136
627752
653211
667973
680046
698684
714435
729103
886090
899831
910641
910905
953975
976173
995389
995495
